3,16.3,61.2,69,Mostly Cloudy,10,7.6,1022,8,20,SE,85,0,9.8,274.9
4,16.3,61.2,,Mostly Cloudy,10,7.7,1022,9,21,SE,93,0,7.7,275.3
5,16.2,61.2,69,Mostly Cloudy,10,7.6,1022,9,21,SE,87,0,9.1,275.4
6,16.2,61.1,69,Mostly Cloudy,10,7.7,1021,9,22,SE,85,0,7.6,275.5
7,16.2,61.1,69,Mostly Cloudy,10,7.5,1021,9,23,SE,90,0,9.1,275.9
8,16.2,61.1,69,Mostly Cloudy,10,7.5,1021,8,24,SE,88,0,7.6,276.2
9,16.2,61.2,69,Mostly Cloudy,10,7.3,1021,9,24,SE,93,0,9.1,276.7
10,16.0,61.1,69,Mostly Cloudy,10,7.0,1021,9,25,SE,86,0,7.6,277.3
11,16.1,61.1,69,Mostly Cloudy,10,7.0,1021,10,25,SE,89,0,9.1,278.2
12,16.1,61.0,69,Mostly Cloudy,10,7.2,1020,8,25,SE,79,0,7.6,279.2
13,16.0,61.0,69,Mostly Cloudy,10,7.2,1020,9,25,SSE,83,0,9.1,280.5
14,16.0,60.8,69,Mostly Cloudy,10,7.2,1020,9,25,SE,86,0,7.6,281.7
15,16.0,60.8,69,Mostly Cloudy,10,7.3,1020,9,25,SSE,89,0,9.1,283.0
16,15.9,60.7,69,Mostly Cloudy,10,6.7,1020,7,24,SE,92,0,7.6,279.1
17,15.8,60.6,69,Mostly Cloudy,10,6.8,1020,8,24,SE,93,0,8.7,280.1
18,15.8,60.6,69,Mostly Cloudy,10,6.6,1020,8,23,SE,79,0,6.9,281.1
19,15.7,60.6,69,Mostly Cloudy,10,6.7,1020,8,23,SE,83,0,8.0,282.2
20,15.7,60.6,69,Mostly Cloudy,10,6.5,1020,8,22,SE,75,0,6.6,283.3
21,15.6,60.7,69,Mostly Cloudy,10,6.6,1020,8,22,SE,80,0,7.6,284.5
22,15.7,60.8,69,Mostly Cloudy,10,6.4,1020,6,21,ESE,75,0,6.6,285.8
23,15.6,60.9,69,Mostly Cloudy,10,6.5,1020,6,21,SE,80,0,7.5,287.2
24,15.5,61.1,69,Mostly Cloudy,10,6.3,1020,8,21,SE,67,0,6.7,288.6
1544544000,1800,51.20,-2.01,,,,,,
