3,11.0,57.6,56,Mostly Cloudy,9,8.7,1021,17,29,E,81,1.0,9.6,312.1
4,11.2,57.8,56,Mostly Cloudy,9,8.7,1021,16,28,E,82,1.0,7.6,312.0
5,11.1,58.0,56,Mostly Cloudy,9,8.7,1020,17,28,E,85,1.0,9.1,311.0
6,11.1,57.1,56,Mostly Cloudy,9,8.6,1020,20,31,E,84,0.0,7.6,310.1
7,11.1,56.5,56,Mostly Cloudy,9,8.6,1020,19,31,E,86,0.0,9.1,309.4
8,11.1,56.3,56,Mostly Cloudy,9,8.3,1019,17,28,ENE,80,0.0,7.6,308.6
9,10.9,56.5,56,Mostly Cloudy,9,8.3,1019,17,29,ENE,78,0.0,9.1,308.3
10,10.8,57.6,56,Mostly Cloudy,9,8.0,1019,16,28,ENE,68,0.0,7.6,308.0
11,10.5,57.9,56,Mostly Cloudy,10,7.8,1018,16,29,ENE,64,0.0,9.1,307.8
12,10.4,57.6,56,Mostly Cloudy,10,7.6,1018,15,30,ENE,61,0.0,7.6,307.6
13,10.4,58.0,56,Partly Cloudy,10,7.4,1018,16,30,ENE,59,0.0,9.1,307.9
14,10.1,59.2,56,Partly Cloudy,10,6.5,1018,14,30,ENE,30,0.0,7.6,308.1
15,10.0,60.9,56,Partly Cloudy,10,6.2,1018,15,30,ENE,29,0.0,9.1,310.1
16,9.9,62.6,,Clear,2,6.0,1018,14,30,NE,22,0.0,7.6,310.4
42,8.7,60.0,56,Partly Cloudy,9,4.8,1012,16,31,NE,38,0,8.5,332.0
43,8.6,59.9,56,Partly Cloudy,9,4.8,1011,16,31,ENE,34,0,9.1,331.9
44,8.5,59.5,56,Partly Cloudy,9,5.2,1011,15,31,NE,45,0,7.6,331.8
45,8.6,59.5,56,Partly Cloudy,9,5.2,1011,16,31,ENE,39,0,9.3,331.8
46,8.7,59.8,56,Partly Cloudy,9,5.5,1011,17,27,ENE,42,0,8.0,331.9
47,8.9,59.0,56,Partly Cloudy,9,5.8,1010,17,27,ENE,39,1,9.7,332.0
48,9.0,58.2,56,Mostly Cloudy,9,5.9,1010,19,29,NE,90,1,8.1,332.2
49,9.1,58.0,56,Mostly Cloudy,9,6.1,1010,19,28,ENE,81,1,9.2,332.4
50,9.2,58.4,56,Mostly Cloudy,9,6.8,1009,18,29,NE,67,1,6.8,333.0
51,9.4,57.3,56,Mostly Cloudy,9,6.6,1009,18,28,ENE,75,1,6.7,333.1
52,9.3,57.0,56,Overcast,8,6.2,1008,17,27,ENE,100,1,4.1,333.2
53,9.4,57.4,56,Overcast,8,6.1,1008,17,26,ENE,100,0,3.1,333.4
54,9.3,57.6,56,Mostly Cloudy,9,6.0,1008,18,25,NE,82,0,2.2,333.5
55,9.3,59.9,,Foggy,7,5.9,1007,17,24,NE,89,0,1.3,333.9
56,9.2,60.5,56,Overcast,8,5.9,1007,17,24,ENE,95,0,2.8,334.2
57,9.1,61.0,56,Light Rain,3,5.7,1007,17,24,ENE,97,0,2.2,334.8
58,8.2,66.1,56,Light Rain,3,5.0,1007,15,24,ENE,85,0,4.2,335.8
59,8.0,66.9,56,Drizzle,3,5.0,1007,15,25,ENE,86,0,4.0,336.1
1542625200,1800,999,0,-999,0,0,0
